0 1
0.00714286 -0.995974
0.0142857 0.98393
0.0214286 -0.963963
0.0285714 0.936235
0.0357143 -0.900969
0.0428571 0.858449
0.05 -0.809017
0.0571429 0.753071
0.0642857 -0.691063
0.0714286 0.62349
0.0785714 -0.550897
0.0857143 0.473869
0.0928571 -0.393025
0.1 0.309017
0.107143 -0.222521
0.114286 0.134233
0.121429 -0.0448648
0.128571 -0.0448648
0.135714 0.134233
0.142857 -0.222521
0.15 0.309017
0.157143 -0.393025
0.164286 0.473869
0.171429 -0.550897
0.178571 0.62349
0.185714 -0.691063
0.192857 0.753071
0.2 -0.809017
0.207143 0.858449
0.214286 -0.900969
0.221429 0.936235
0.228571 -0.963963
0.235714 0.98393
0.242857 -0.995974
0.25 1
0.257143 -0.995974
0.264286 0.98393
0.271429 -0.963963
0.278571 0.936235
0.285714 -0.900969
0.292857 0.858449
0.3 -0.809017
0.307143 0.753071
0.314286 -0.691063
0.321429 0.62349
0.328571 -0.550897
0.335714 0.473869
0.342857 -0.393025
0.35 0.309017
0.357143 -0.222521
0.364286 0.134233
0.371429 -0.0448648
0.378571 -0.0448648
0.385714 0.134233
0.392857 -0.222521
0.4 0.309017
0.407143 -0.393025
0.414286 0.473869
0.421429 -0.550897
0.428571 0.62349
0.435714 -0.691063
0.442857 0.753071
0.45 -0.809017
0.457143 0.858449
0.464286 -0.900969
0.471429 0.936235
0.478571 -0.963963
0.485714 0.98393
0.492857 -0.995974
0.5 1
0.507143 -0.995974
0.514286 0.98393
0.521429 -0.963963
0.528571 0.936235
0.535714 -0.900969
0.542857 0.858449
0.55 -0.809017
0.557143 0.753071
0.564286 -0.691063
0.571429 0.62349
0.578571 -0.550897
0.585714 0.473869
0.592857 -0.393025
0.6 0.309017
0.607143 -0.222521
0.614286 0.134233
0.621429 -0.0448648
0.628571 -0.0448648
0.635714 0.134233
0.642857 -0.222521
0.65 0.309017
0.657143 -0.393025
0.664286 0.473869
0.671429 -0.550897
0.678571 0.62349
0.685714 -0.691063
0.692857 0.753071
0.7 -0.809017
0.707143 0.858449
0.714286 -0.900969
0.721429 0.936235
0.728571 -0.963963
0.735714 0.98393
0.742857 -0.995974
0.75 1
0.757143 -0.995974
0.764286 0.98393
0.771429 -0.963963
0.778571 0.936235
0.785714 -0.900969
0.792857 0.858449
0.8 -0.809017
0.807143 0.753071
0.814286 -0.691063
0.821429 0.62349
0.828571 -0.550897
0.835714 0.473869
0.842857 -0.393025
0.85 0.309017
0.857143 -0.222521
0.864286 0.134233
0.871429 -0.0448648
0.878571 -0.0448648
0.885714 0.134233
0.892857 -0.222521
0.9 0.309017
0.907143 -0.393025
0.914286 0.473869
0.921429 -0.550897
0.928571 0.62349
0.935714 -0.691063
0.942857 0.753071
0.95 -0.809017
0.957143 0.858449
0.964286 -0.900969
0.971429 0.936235
0.978571 -0.963963
0.985714 0.98393
0.992857 -0.995974
1 1
1.00714 -0.995974
1.01429 0.98393
1.02143 -0.963963
1.02857 0.936235
1.03571 -0.900969
1.04286 0.858449
1.05 -0.809017
1.05714 0.753071
1.06429 -0.691063
1.07143 0.62349
1.07857 -0.550897
1.08571 0.473869
1.09286 -0.393025
1.1 0.309017
1.10714 -0.222521
1.11429 0.134233
1.12143 -0.0448648
1.12857 -0.0448648
1.13571 0.134233
1.14286 -0.222521
1.15 0.309017
1.15714 -0.393025
1.16429 0.473869
1.17143 -0.550897
1.17857 0.62349
1.18571 -0.691063
1.19286 0.753071
1.2 -0.809017
1.20714 0.858449
1.21429 -0.900969
1.22143 0.936235
1.22857 -0.963963
1.23571 0.98393
1.24286 -0.995974
1.25 1
1.25714 -0.995974
1.26429 0.98393
1.27143 -0.963963
1.27857 0.936235
1.28571 -0.900969
1.29286 0.858449
1.3 -0.809017
1.30714 0.753071
1.31429 -0.691063
1.32143 0.62349
1.32857 -0.550897
1.33571 0.473869
1.34286 -0.393025
1.35 0.309017
1.35714 -0.222521
1.36429 0.134233
1.37143 -0.0448648
1.37857 -0.0448648
1.38571 0.134233
1.39286 -0.222521
1.4 0.309017
1.40714 -0.393025
1.41429 0.473869
1.42143 -0.550897
1.42857 0.62349
