array 1
10.8 10.8 11.4 11.7 11.9  |  12.6 12.8 12.8 12.9 12.9  |  13.8 13.8 14 14.2 14.5  |  14.7 15.4 16.1 16.3 16.5  |  16.8 16.8 17.1 17.9 18.9

1-10.75  11.95 5
2-11.95  12.95 5
3-12.95  14.55 5
4-14.55  16.55 5
5-16.55  18.95 5

array 2
9.6 9.8 12.1 12.3 12.7  |  12.9 13.6 13.6 14.2 14.4  |  14.9 14.9 15.2 15.5 15.6  |  15.8 16.1 16.1 16.4 16.4  |  16.6 17.4 17.9 18.1 19.7

1-9.55  12.75 5
2-12.75  14.45 5
3-14.45  15.65 5
4-15.65  16.45 5
5-16.45  19.75 5

array 3
9.6 9.8 10.8 10.8 11.4 11.7 11.9 12.1  |  12.3 12.6 12.7 12.8 12.8 12.9 12.9 12.9  |  13.6 13.6 13.8 13.8 14 14.2 14.2 14.4  |  14.5 14.7 14.9 14.9 15.2 15.4 15.5 15.6  |  15.8 16.1 16.1 16.1 16.3 16.4 16.4 16.5  |  16.6 16.8 16.8 17.1 17.4 17.9 17.9 18.1 18.9 19.7

1-9.55  12.15 8
2-12.15  12.95 8
3-12.95  14.45 8
4-14.45  15.65 8
5-15.65  16.55 8
6-16.55  19.75 10
